/*--------------------------------*- C++ -*----------------------------------*\
| =========                 |                                                 |
| \\      /  F ield         | foam-extend: Open Source CFD                    |
|  \\    /   O peration     | Version:     3.2                                |
|   \\  /    A nd           | Web:         http://www.foam-extend.org         |
|    \\/     M anipulation  | For copyright notice see file Copyright         |
\*---------------------------------------------------------------------------*/
FoamFile
{
    version     2.0;
    format      ascii;
    class       labelList;
    note        "nPoints: 6425 nAllPoints: 6425 nInternalFaces: 10224 nFaces: 14352 nAllFaces: 14352 nCells: 4096";
    location    "constant/polyMesh";
    object      neighbour;
}
// * * * * * * * * * * * * * * * * * * * * * * * * * * * * * * * * * * * * * //


10224
(
1
4
512
2
5
513
3
6
514
7
515
5
8
516
6
9
517
7
10
518
11
519
9
12
520
10
13
521
11
14
522
15
523
13
16
524
14
17
525
15
18
526
19
527
17
20
528
18
21
529
19
22
530
23
531
21
24
532
22
25
533
23
26
534
27
535
25
28
536
26
29
537
27
30
538
31
539
29
32
540
30
33
541
31
34
542
35
543
33
36
544
34
37
545
35
38
546
39
547
37
40
548
38
41
549
39
42
550
43
551
41
44
552
42
45
553
43
46
554
47
555
45
48
556
46
49
557
47
50
558
51
559
49
52
560
50
53
561
51
54
562
55
563
53
56
564
54
57
565
55
58
566
59
567
57
60
568
58
61
569
59
62
570
63
571
61
64
572
62
65
573
63
66
574
67
575
65
68
576
66
69
577
67
70
578
71
579
69
72
580
70
73
581
71
74
582
75
583
73
76
584
74
77
585
75
78
586
79
587
77
80
588
78
81
589
79
82
590
83
591
81
84
592
82
85
593
83
86
594
87
595
85
88
596
86
89
597
87
90
598
91
599
89
92
600
90
93
601
91
94
602
95
603
93
96
604
94
97
605
95
98
606
99
607
97
100
608
98
101
609
99
102
610
103
611
101
104
612
102
105
613
103
106
614
107
615
105
108
616
106
109
617
107
110
618
111
619
109
112
620
110
113
621
111
114
622
115
623
113
116
624
114
117
625
115
118
626
119
627
117
120
628
118
121
629
119
122
630
123
631
121
124
632
122
125
633
123
126
634
127
635
125
128
636
126
129
637
127
130
638
131
639
129
132
640
130
133
641
131
134
642
135
643
133
136
644
134
137
645
135
138
646
139
647
137
140
648
138
141
649
139
142
650
143
651
141
144
652
142
145
653
143
146
654
147
655
145
148
656
146
149
657
147
150
658
151
659
149
152
660
150
153
661
151
154
662
155
663
153
156
664
154
157
665
155
158
666
159
667
157
160
668
158
161
669
159
162
670
163
671
161
164
672
162
165
673
163
166
674
167
675
165
168
676
166
169
677
167
170
678
171
679
169
172
680
170
173
681
171
174
682
175
683
173
176
684
174
177
685
175
178
686
179
687
177
180
688
178
181
689
179
182
690
183
691
181
184
692
182
185
693
183
186
694
187
695
185
188
696
186
189
697
187
190
698
191
699
189
192
700
190
193
701
191
194
702
195
703
193
196
704
194
197
705
195
198
706
199
707
197
200
708
198
201
709
199
202
710
203
711
201
204
712
202
205
713
203
206
714
207
715
205
208
716
206
209
717
207
210
718
211
719
209
212
720
210
213
721
211
214
722
215
723
213
216
724
214
217
725
215
218
726
219
727
217
220
728
218
221
729
219
222
730
223
731
221
224
732
222
225
733
223
226
734
227
735
225
228
736
226
229
737
227
230
738
231
739
229
232
740
230
233
741
231
234
742
235
743
233
236
744
234
237
745
235
238
746
239
747
237
240
748
238
241
749
239
242
750
243
751
241
244
752
242
245
753
243
246
754
247
755
245
248
756
246
249
757
247
250
758
251
759
249
252
760
250
253
761
251
254
762
255
763
253
256
764
254
257
765
255
258
766
259
767
257
260
768
258
261
769
259
262
770
263
771
261
264
772
262
265
773
263
266
774
267
775
265
268
776
266
269
777
267
270
778
271
779
269
272
780
270
273
781
271
274
782
275
783
273
276
784
274
277
785
275
278
786
279
787
277
280
788
278
281
789
279
282
790
283
791
281
284
792
282
285
793
283
286
794
287
795
285
288
796
286
289
797
287
290
798
291
799
289
292
800
290
293
801
291
294
802
295
803
293
296
804
294
297
805
295
298
806
299
807
297
300
808
298
301
809
299
302
810
303
811
301
304
812
302
305
813
303
306
814
307
815
305
308
816
306
309
817
307
310
818
311
819
309
312
820
310
313
821
311
314
822
315
823
313
316
824
314
317
825
315
318
826
319
827
317
320
828
318
321
829
319
322
830
323
831
321
324
832
322
325
833
323
326
834
327
835
325
328
836
326
329
837
327
330
838
331
839
329
332
840
330
333
841
331
334
842
335
843
333
336
844
334
337
845
335
338
846
339
847
337
340
848
338
341
849
339
342
850
343
851
341
344
852
342
345
853
343
346
854
347
855
345
348
856
346
349
857
347
350
858
351
859
349
352
860
350
353
861
351
354
862
355
863
353
356
864
354
357
865
355
358
866
359
867
357
360
868
358
361
869
359
362
870
363
871
361
364
872
362
365
873
363
366
874
367
875
365
368
876
366
369
877
367
370
878
371
879
369
372
880
370
373
881
371
374
882
375
883
373
376
884
374
377
885
375
378
886
379
887
377
380
888
378
381
889
379
382
890
383
891
381
384
892
382
385
893
383
386
894
387
895
385
388
896
386
389
897
387
390
898
391
899
389
392
900
390
393
901
391
394
902
395
903
393
396
904
394
397
905
395
398
906
399
907
397
400
908
398
401
909
399
402
910
403
911
401
404
912
402
405
913
403
406
914
407
915
405
408
916
406
409
917
407
410
918
411
919
409
412
920
410
413
921
411
414
922
415
923
413
416
924
414
417
925
415
418
926
419
927
417
420
928
418
421
929
419
422
930
423
931
421
424
932
422
425
933
423
426
934
427
935
425
428
936
426
429
937
427
430
938
431
939
429
432
940
430
433
941
431
434
942
435
943
433
436
944
434
437
945
435
438
946
439
947
437
440
948
438
441
949
439
442
950
443
951
441
444
952
442
445
953
443
446
954
447
955
445
448
956
446
449
957
447
450
958
451
959
449
452
960
450
453
961
451
454
962
455
963
453
456
964
454
457
965
455
458
966
459
967
457
460
968
458
461
969
459
462
970
463
971
461
464
972
462
465
973
463
466
974
467
975
465
468
976
466
469
977
467
470
978
471
979
469
472
980
470
473
981
471
474
982
475
983
473
476
984
474
477
985
475
478
986
479
987
477
480
988
478
481
989
479
482
990
483
991
481
484
992
482
485
993
483
486
994
487
995
485
488
996
486
489
997
487
490
998
491
999
489
492
1000
490
493
1001
491
494
1002
495
1003
493
496
1004
494
497
1005
495
498
1006
499
1007
497
500
1008
498
501
1009
499
502
1010
503
1011
501
504
1012
502
505
1013
503
506
1014
507
1015
505
508
1016
506
509
1017
507
510
1018
511
1019
509
1020
2048
510
1021
2049
511
1022
2050
1023
2051
513
516
1024
514
517
1025
515
518
1026
519
1027
517
520
1028
518
521
1029
519
522
1030
523
1031
521
524
1032
522
525
1033
523
526
1034
527
1035
525
528
1036
526
529
1037
527
530
1038
531
1039
529
532
1040
530
533
1041
531
534
1042
535
1043
533
536
1044
534
537
1045
535
538
1046
539
1047
537
540
1048
538
541
1049
539
542
1050
543
1051
541
544
1052
542
545
1053
543
546
1054
547
1055
545
548
1056
546
549
1057
547
550
1058
551
1059
549
552
1060
550
553
1061
551
554
1062
555
1063
553
556
1064
554
557
1065
555
558
1066
559
1067
557
560
1068
558
561
1069
559
562
1070
563
1071
561
564
1072
562
565
1073
563
566
1074
567
1075
565
568
1076
566
569
1077
567
570
1078
571
1079
569
572
1080
570
573
1081
571
574
1082
575
1083
573
576
1084
574
577
1085
575
578
1086
579
1087
577
580
1088
578
581
1089
579
582
1090
583
1091
581
584
1092
582
585
1093
583
586
1094
587
1095
585
588
1096
586
589
1097
587
590
1098
591
1099
589
592
1100
590
593
1101
591
594
1102
595
1103
593
596
1104
594
597
1105
595
598
1106
599
1107
597
600
1108
598
601
1109
599
602
1110
603
1111
601
604
1112
602
605
1113
603
606
1114
607
1115
605
608
1116
606
609
1117
607
610
1118
611
1119
609
612
1120
610
613
1121
611
614
1122
615
1123
613
616
1124
614
617
1125
615
618
1126
619
1127
617
620
1128
618
621
1129
619
622
1130
623
1131
621
624
1132
622
625
1133
623
626
1134
627
1135
625
628
1136
626
629
1137
627
630
1138
631
1139
629
632
1140
630
633
1141
631
634
1142
635
1143
633
636
1144
634
637
1145
635
638
1146
639
1147
637
640
1148
638
641
1149
639
642
1150
643
1151
641
644
1152
642
645
1153
643
646
1154
647
1155
645
648
1156
646
649
1157
647
650
1158
651
1159
649
652
1160
650
653
1161
651
654
1162
655
1163
653
656
1164
654
657
1165
655
658
1166
659
1167
657
660
1168
658
661
1169
659
662
1170
663
1171
661
664
1172
662
665
1173
663
666
1174
667
1175
665
668
1176
666
669
1177
667
670
1178
671
1179
669
672
1180
670
673
1181
671
674
1182
675
1183
673
676
1184
674
677
1185
675
678
1186
679
1187
677
680
1188
678
681
1189
679
682
1190
683
1191
681
684
1192
682
685
1193
683
686
1194
687
1195
685
688
1196
686
689
1197
687
690
1198
691
1199
689
692
1200
690
693
1201
691
694
1202
695
1203
693
696
1204
694
697
1205
695
698
1206
699
1207
697
700
1208
698
701
1209
699
702
1210
703
1211
701
704
1212
702
705
1213
703
706
1214
707
1215
705
708
1216
706
709
1217
707
710
1218
711
1219
709
712
1220
710
713
1221
711
714
1222
715
1223
713
716
1224
714
717
1225
715
718
1226
719
1227
717
720
1228
718
721
1229
719
722
1230
723
1231
721
724
1232
722
725
1233
723
726
1234
727
1235
725
728
1236
726
729
1237
727
730
1238
731
1239
729
732
1240
730
733
1241
731
734
1242
735
1243
733
736
1244
734
737
1245
735
738
1246
739
1247
737
740
1248
738
741
1249
739
742
1250
743
1251
741
744
1252
742
745
1253
743
746
1254
747
1255
745
748
1256
746
749
1257
747
750
1258
751
1259
749
752
1260
750
753
1261
751
754
1262
755
1263
753
756
1264
754
757
1265
755
758
1266
759
1267
757
760
1268
758
761
1269
759
762
1270
763
1271
761
764
1272
762
765
1273
763
766
1274
767
1275
765
768
1276
766
769
1277
767
770
1278
771
1279
769
772
1280
770
773
1281
771
774
1282
775
1283
773
776
1284
774
777
1285
775
778
1286
779
1287
777
780
1288
778
781
1289
779
782
1290
783
1291
781
784
1292
782
785
1293
783
786
1294
787
1295
785
788
1296
786
789
1297
787
790
1298
791
1299
789
792
1300
790
793
1301
791
794
1302
795
1303
793
796
1304
794
797
1305
795
798
1306
799
1307
797
800
1308
798
801
1309
799
802
1310
803
1311
801
804
1312
802
805
1313
803
806
1314
807
1315
805
808
1316
806
809
1317
807
810
1318
811
1319
809
812
1320
810
813
1321
811
814
1322
815
1323
813
816
1324
814
817
1325
815
818
1326
819
1327
817
820
1328
818
821
1329
819
822
1330
823
1331
821
824
1332
822
825
1333
823
826
1334
827
1335
825
828
1336
826
829
1337
827
830
1338
831
1339
829
832
1340
830
833
1341
831
834
1342
835
1343
833
836
1344
834
837
1345
835
838
1346
839
1347
837
840
1348
838
841
1349
839
842
1350
843
1351
841
844
1352
842
845
1353
843
846
1354
847
1355
845
848
1356
846
849
1357
847
850
1358
851
1359
849
852
1360
850
853
1361
851
854
1362
855
1363
853
856
1364
854
857
1365
855
858
1366
859
1367
857
860
1368
858
861
1369
859
862
1370
863
1371
861
864
1372
862
865
1373
863
866
1374
867
1375
865
868
1376
866
869
1377
867
870
1378
871
1379
869
872
1380
870
873
1381
871
874
1382
875
1383
873
876
1384
874
877
1385
875
878
1386
879
1387
877
880
1388
878
881
1389
879
882
1390
883
1391
881
884
1392
882
885
1393
883
886
1394
887
1395
885
888
1396
886
889
1397
887
890
1398
891
1399
889
892
1400
890
893
1401
891
894
1402
895
1403
893
896
1404
894
897
1405
895
898
1406
899
1407
897
900
1408
898
901
1409
899
902
1410
903
1411
901
904
1412
902
905
1413
903
906
1414
907
1415
905
908
1416
906
909
1417
907
910
1418
911
1419
909
912
1420
910
913
1421
911
914
1422
915
1423
913
916
1424
914
917
1425
915
918
1426
919
1427
917
920
1428
918
921
1429
919
922
1430
923
1431
921
924
1432
922
925
1433
923
926
1434
927
1435
925
928
1436
926
929
1437
927
930
1438
931
1439
929
932
1440
930
933
1441
931
934
1442
935
1443
933
936
1444
934
937
1445
935
938
1446
939
1447
937
940
1448
938
941
1449
939
942
1450
943
1451
941
944
1452
942
945
1453
943
946
1454
947
1455
945
948
1456
946
949
1457
947
950
1458
951
1459
949
952
1460
950
953
1461
951
954
1462
955
1463
953
956
1464
954
957
1465
955
958
1466
959
1467
957
960
1468
958
961
1469
959
962
1470
963
1471
961
964
1472
962
965
1473
963
966
1474
967
1475
965
968
1476
966
969
1477
967
970
1478
971
1479
969
972
1480
970
973
1481
971
974
1482
975
1483
973
976
1484
974
977
1485
975
978
1486
979
1487
977
980
1488
978
981
1489
979
982
1490
983
1491
981
984
1492
982
985
1493
983
986
1494
987
1495
985
988
1496
986
989
1497
987
990
1498
991
1499
989
992
1500
990
993
1501
991
994
1502
995
1503
993
996
1504
994
997
1505
995
998
1506
999
1507
997
1000
1508
998
1001
1509
999
1002
1510
1003
1511
1001
1004
1512
1002
1005
1513
1003
1006
1514
1007
1515
1005
1008
1516
1006
1009
1517
1007
1010
1518
1011
1519
1009
1012
1520
1010
1013
1521
1011
1014
1522
1015
1523
1013
1016
1524
1014
1017
1525
1015
1018
1526
1019
1527
1017
1020
1528
1018
1021
1529
1019
1022
1530
1023
1531
1021
1532
2560
1022
1533
2561
1023
1534
2562
1535
2563
1025
1028
1536
1026
1029
1537
1027
1030
1538
1031
1539
1029
1032
1540
1030
1033
1541
1031
1034
1542
1035
1543
1033
1036
1544
1034
1037
1545
1035
1038
1546
1039
1547
1037
1040
1548
1038
1041
1549
1039
1042
1550
1043
1551
1041
1044
1552
1042
1045
1553
1043
1046
1554
1047
1555
1045
1048
1556
1046
1049
1557
1047
1050
1558
1051
1559
1049
1052
1560
1050
1053
1561
1051
1054
1562
1055
1563
1053
1056
1564
1054
1057
1565
1055
1058
1566
1059
1567
1057
1060
1568
1058
1061
1569
1059
1062
1570
1063
1571
1061
1064
1572
1062
1065
1573
1063
1066
1574
1067
1575
1065
1068
1576
1066
1069
1577
1067
1070
1578
1071
1579
1069
1072
1580
1070
1073
1581
1071
1074
1582
1075
1583
1073
1076
1584
1074
1077
1585
1075
1078
1586
1079
1587
1077
1080
1588
1078
1081
1589
1079
1082
1590
1083
1591
1081
1084
1592
1082
1085
1593
1083
1086
1594
1087
1595
1085
1088
1596
1086
1089
1597
1087
1090
1598
1091
1599
1089
1092
1600
1090
1093
1601
1091
1094
1602
1095
1603
1093
1096
1604
1094
1097
1605
1095
1098
1606
1099
1607
1097
1100
1608
1098
1101
1609
1099
1102
1610
1103
1611
1101
1104
1612
1102
1105
1613
1103
1106
1614
1107
1615
1105
1108
1616
1106
1109
1617
1107
1110
1618
1111
1619
1109
1112
1620
1110
1113
1621
1111
1114
1622
1115
1623
1113
1116
1624
1114
1117
1625
1115
1118
1626
1119
1627
1117
1120
1628
1118
1121
1629
1119
1122
1630
1123
1631
1121
1124
1632
1122
1125
1633
1123
1126
1634
1127
1635
1125
1128
1636
1126
1129
1637
1127
1130
1638
1131
1639
1129
1132
1640
1130
1133
1641
1131
1134
1642
1135
1643
1133
1136
1644
1134
1137
1645
1135
1138
1646
1139
1647
1137
1140
1648
1138
1141
1649
1139
1142
1650
1143
1651
1141
1144
1652
1142
1145
1653
1143
1146
1654
1147
1655
1145
1148
1656
1146
1149
1657
1147
1150
1658
1151
1659
1149
1152
1660
1150
1153
1661
1151
1154
1662
1155
1663
1153
1156
1664
1154
1157
1665
1155
1158
1666
1159
1667
1157
1160
1668
1158
1161
1669
1159
1162
1670
1163
1671
1161
1164
1672
1162
1165
1673
1163
1166
1674
1167
1675
1165
1168
1676
1166
1169
1677
1167
1170
1678
1171
1679
1169
1172
1680
1170
1173
1681
1171
1174
1682
1175
1683
1173
1176
1684
1174
1177
1685
1175
1178
1686
1179
1687
1177
1180
1688
1178
1181
1689
1179
1182
1690
1183
1691
1181
1184
1692
1182
1185
1693
1183
1186
1694
1187
1695
1185
1188
1696
1186
1189
1697
1187
1190
1698
1191
1699
1189
1192
1700
1190
1193
1701
1191
1194
1702
1195
1703
1193
1196
1704
1194
1197
1705
1195
1198
1706
1199
1707
1197
1200
1708
1198
1201
1709
1199
1202
1710
1203
1711
1201
1204
1712
1202
1205
1713
1203
1206
1714
1207
1715
1205
1208
1716
1206
1209
1717
1207
1210
1718
1211
1719
1209
1212
1720
1210
1213
1721
1211
1214
1722
1215
1723
1213
1216
1724
1214
1217
1725
1215
1218
1726
1219
1727
1217
1220
1728
1218
1221
1729
1219
1222
1730
1223
1731
1221
1224
1732
1222
1225
1733
1223
1226
1734
1227
1735
1225
1228
1736
1226
1229
1737
1227
1230
1738
1231
1739
1229
1232
1740
1230
1233
1741
1231
1234
1742
1235
1743
1233
1236
1744
1234
1237
1745
1235
1238
1746
1239
1747
1237
1240
1748
1238
1241
1749
1239
1242
1750
1243
1751
1241
1244
1752
1242
1245
1753
1243
1246
1754
1247
1755
1245
1248
1756
1246
1249
1757
1247
1250
1758
1251
1759
1249
1252
1760
1250
1253
1761
1251
1254
1762
1255
1763
1253
1256
1764
1254
1257
1765
1255
1258
1766
1259
1767
1257
1260
1768
1258
1261
1769
1259
1262
1770
1263
1771
1261
1264
1772
1262
1265
1773
1263
1266
1774
1267
1775
1265
1268
1776
1266
1269
1777
1267
1270
1778
1271
1779
1269
1272
1780
1270
1273
1781
1271
1274
1782
1275
1783
1273
1276
1784
1274
1277
1785
1275
1278
1786
1279
1787
1277
1280
1788
1278
1281
1789
1279
1282
1790
1283
1791
1281
1284
1792
1282
1285
1793
1283
1286
1794
1287
1795
1285
1288
1796
1286
1289
1797
1287
1290
1798
1291
1799
1289
1292
1800
1290
1293
1801
1291
1294
1802
1295
1803
1293
1296
1804
1294
1297
1805
1295
1298
1806
1299
1807
1297
1300
1808
1298
1301
1809
1299
1302
1810
1303
1811
1301
1304
1812
1302
1305
1813
1303
1306
1814
1307
1815
1305
1308
1816
1306
1309
1817
1307
1310
1818
1311
1819
1309
1312
1820
1310
1313
1821
1311
1314
1822
1315
1823
1313
1316
1824
1314
1317
1825
1315
1318
1826
1319
1827
1317
1320
1828
1318
1321
1829
1319
1322
1830
1323
1831
1321
1324
1832
1322
1325
1833
1323
1326
1834
1327
1835
1325
1328
1836
1326
1329
1837
1327
1330
1838
1331
1839
1329
1332
1840
1330
1333
1841
1331
1334
1842
1335
1843
1333
1336
1844
1334
1337
1845
1335
1338
1846
1339
1847
1337
1340
1848
1338
1341
1849
1339
1342
1850
1343
1851
1341
1344
1852
1342
1345
1853
1343
1346
1854
1347
1855
1345
1348
1856
1346
1349
1857
1347
1350
1858
1351
1859
1349
1352
1860
1350
1353
1861
1351
1354
1862
1355
1863
1353
1356
1864
1354
1357
1865
1355
1358
1866
1359
1867
1357
1360
1868
1358
1361
1869
1359
1362
1870
1363
1871
1361
1364
1872
1362
1365
1873
1363
1366
1874
1367
1875
1365
1368
1876
1366
1369
1877
1367
1370
1878
1371
1879
1369
1372
1880
1370
1373
1881
1371
1374
1882
1375
1883
1373
1376
1884
1374
1377
1885
1375
1378
1886
1379
1887
1377
1380
1888
1378
1381
1889
1379
1382
1890
1383
1891
1381
1384
1892
1382
1385
1893
1383
1386
1894
1387
1895
1385
1388
1896
1386
1389
1897
1387
1390
1898
1391
1899
1389
1392
1900
1390
1393
1901
1391
1394
1902
1395
1903
1393
1396
1904
1394
1397
1905
1395
1398
1906
1399
1907
1397
1400
1908
1398
1401
1909
1399
1402
1910
1403
1911
1401
1404
1912
1402
1405
1913
1403
1406
1914
1407
1915
1405
1408
1916
1406
1409
1917
1407
1410
1918
1411
1919
1409
1412
1920
1410
1413
1921
1411
1414
1922
1415
1923
1413
1416
1924
1414
1417
1925
1415
1418
1926
1419
1927
1417
1420
1928
1418
1421
1929
1419
1422
1930
1423
1931
1421
1424
1932
1422
1425
1933
1423
1426
1934
1427
1935
1425
1428
1936
1426
1429
1937
1427
1430
1938
1431
1939
1429
1432
1940
1430
1433
1941
1431
1434
1942
1435
1943
1433
1436
1944
1434
1437
1945
1435
1438
1946
1439
1947
1437
1440
1948
1438
1441
1949
1439
1442
1950
1443
1951
1441
1444
1952
1442
1445
1953
1443
1446
1954
1447
1955
1445
1448
1956
1446
1449
1957
1447
1450
1958
1451
1959
1449
1452
1960
1450
1453
1961
1451
1454
1962
1455
1963
1453
1456
1964
1454
1457
1965
1455
1458
1966
1459
1967
1457
1460
1968
1458
1461
1969
1459
1462
1970
1463
1971
1461
1464
1972
1462
1465
1973
1463
1466
1974
1467
1975
1465
1468
1976
1466
1469
1977
1467
1470
1978
1471
1979
1469
1472
1980
1470
1473
1981
1471
1474
1982
1475
1983
1473
1476
1984
1474
1477
1985
1475
1478
1986
1479
1987
1477
1480
1988
1478
1481
1989
1479
1482
1990
1483
1991
1481
1484
1992
1482
1485
1993
1483
1486
1994
1487
1995
1485
1488
1996
1486
1489
1997
1487
1490
1998
1491
1999
1489
1492
2000
1490
1493
2001
1491
1494
2002
1495
2003
1493
1496
2004
1494
1497
2005
1495
1498
2006
1499
2007
1497
1500
2008
1498
1501
2009
1499
1502
2010
1503
2011
1501
1504
2012
1502
1505
2013
1503
1506
2014
1507
2015
1505
1508
2016
1506
1509
2017
1507
1510
2018
1511
2019
1509
1512
2020
1510
1513
2021
1511
1514
2022
1515
2023
1513
1516
2024
1514
1517
2025
1515
1518
2026
1519
2027
1517
1520
2028
1518
1521
2029
1519
1522
2030
1523
2031
1521
1524
2032
1522
1525
2033
1523
1526
2034
1527
2035
1525
1528
2036
1526
1529
2037
1527
1530
2038
1531
2039
1529
1532
2040
1530
1533
2041
1531
1534
2042
1535
2043
1533
2044
3072
1534
2045
3073
1535
2046
3074
2047
3075
1537
1540
1538
1541
1539
1542
1543
1541
1544
1542
1545
1543
1546
1547
1545
1548
1546
1549
1547
1550
1551
1549
1552
1550
1553
1551
1554
1555
1553
1556
1554
1557
1555
1558
1559
1557
1560
1558
1561
1559
1562
1563
1561
1564
1562
1565
1563
1566
1567
1565
1568
1566
1569
1567
1570
1571
1569
1572
1570
1573
1571
1574
1575
1573
1576
1574
1577
1575
1578
1579
1577
1580
1578
1581
1579
1582
1583
1581
1584
1582
1585
1583
1586
1587
1585
1588
1586
1589
1587
1590
1591
1589
1592
1590
1593
1591
1594
1595
1593
1596
1594
1597
1595
1598
1599
1597
1600
1598
1601
1599
1602
1603
1601
1604
1602
1605
1603
1606
1607
1605
1608
1606
1609
1607
1610
1611
1609
1612
1610
1613
1611
1614
1615
1613
1616
1614
1617
1615
1618
1619
1617
1620
1618
1621
1619
1622
1623
1621
1624
1622
1625
1623
1626
1627
1625
1628
1626
1629
1627
1630
1631
1629
1632
1630
1633
1631
1634
1635
1633
1636
1634
1637
1635
1638
1639
1637
1640
1638
1641
1639
1642
1643
1641
1644
1642
1645
1643
1646
1647
1645
1648
1646
1649
1647
1650
1651
1649
1652
1650
1653
1651
1654
1655
1653
1656
1654
1657
1655
1658
1659
1657
1660
1658
1661
1659
1662
1663
1661
1664
1662
1665
1663
1666
1667
1665
1668
1666
1669
1667
1670
1671
1669
1672
1670
1673
1671
1674
1675
1673
1676
1674
1677
1675
1678
1679
1677
1680
1678
1681
1679
1682
1683
1681
1684
1682
1685
1683
1686
1687
1685
1688
1686
1689
1687
1690
1691
1689
1692
1690
1693
1691
1694
1695
1693
1696
1694
1697
1695
1698
1699
1697
1700
1698
1701
1699
1702
1703
1701
1704
1702
1705
1703
1706
1707
1705
1708
1706
1709
1707
1710
1711
1709
1712
1710
1713
1711
1714
1715
1713
1716
1714
1717
1715
1718
1719
1717
1720
1718
1721
1719
1722
1723
1721
1724
1722
1725
1723
1726
1727
1725
1728
1726
1729
1727
1730
1731
1729
1732
1730
1733
1731
1734
1735
1733
1736
1734
1737
1735
1738
1739
1737
1740
1738
1741
1739
1742
1743
1741
1744
1742
1745
1743
1746
1747
1745
1748
1746
1749
1747
1750
1751
1749
1752
1750
1753
1751
1754
1755
1753
1756
1754
1757
1755
1758
1759
1757
1760
1758
1761
1759
1762
1763
1761
1764
1762
1765
1763
1766
1767
1765
1768
1766
1769
1767
1770
1771
1769
1772
1770
1773
1771
1774
1775
1773
1776
1774
1777
1775
1778
1779
1777
1780
1778
1781
1779
1782
1783
1781
1784
1782
1785
1783
1786
1787
1785
1788
1786
1789
1787
1790
1791
1789
1792
1790
1793
1791
1794
1795
1793
1796
1794
1797
1795
1798
1799
1797
1800
1798
1801
1799
1802
1803
1801
1804
1802
1805
1803
1806
1807
1805
1808
1806
1809
1807
1810
1811
1809
1812
1810
1813
1811
1814
1815
1813
1816
1814
1817
1815
1818
1819
1817
1820
1818
1821
1819
1822
1823
1821
1824
1822
1825
1823
1826
1827
1825
1828
1826
1829
1827
1830
1831
1829
1832
1830
1833
1831
1834
1835
1833
1836
1834
1837
1835
1838
1839
1837
1840
1838
1841
1839
1842
1843
1841
1844
1842
1845
1843
1846
1847
1845
1848
1846
1849
1847
1850
1851
1849
1852
1850
1853
1851
1854
1855
1853
1856
1854
1857
1855
1858
1859
1857
1860
1858
1861
1859
1862
1863
1861
1864
1862
1865
1863
1866
1867
1865
1868
1866
1869
1867
1870
1871
1869
1872
1870
1873
1871
1874
1875
1873
1876
1874
1877
1875
1878
1879
1877
1880
1878
1881
1879
1882
1883
1881
1884
1882
1885
1883
1886
1887
1885
1888
1886
1889
1887
1890
1891
1889
1892
1890
1893
1891
1894
1895
1893
1896
1894
1897
1895
1898
1899
1897
1900
1898
1901
1899
1902
1903
1901
1904
1902
1905
1903
1906
1907
1905
1908
1906
1909
1907
1910
1911
1909
1912
1910
1913
1911
1914
1915
1913
1916
1914
1917
1915
1918
1919
1917
1920
1918
1921
1919
1922
1923
1921
1924
1922
1925
1923
1926
1927
1925
1928
1926
1929
1927
1930
1931
1929
1932
1930
1933
1931
1934
1935
1933
1936
1934
1937
1935
1938
1939
1937
1940
1938
1941
1939
1942
1943
1941
1944
1942
1945
1943
1946
1947
1945
1948
1946
1949
1947
1950
1951
1949
1952
1950
1953
1951
1954
1955
1953
1956
1954
1957
1955
1958
1959
1957
1960
1958
1961
1959
1962
1963
1961
1964
1962
1965
1963
1966
1967
1965
1968
1966
1969
1967
1970
1971
1969
1972
1970
1973
1971
1974
1975
1973
1976
1974
1977
1975
1978
1979
1977
1980
1978
1981
1979
1982
1983
1981
1984
1982
1985
1983
1986
1987
1985
1988
1986
1989
1987
1990
1991
1989
1992
1990
1993
1991
1994
1995
1993
1996
1994
1997
1995
1998
1999
1997
2000
1998
2001
1999
2002
2003
2001
2004
2002
2005
2003
2006
2007
2005
2008
2006
2009
2007
2010
2011
2009
2012
2010
2013
2011
2014
2015
2013
2016
2014
2017
2015
2018
2019
2017
2020
2018
2021
2019
2022
2023
2021
2024
2022
2025
2023
2026
2027
2025
2028
2026
2029
2027
2030
2031
2029
2032
2030
2033
2031
2034
2035
2033
2036
2034
2037
2035
2038
2039
2037
2040
2038
2041
2039
2042
2043
2041
2044
2042
2045
2043
2046
2047
2045
3584
2046
3585
2047
3586
3587
2049
2052
2560
2050
2053
2561
2051
2054
2562
2055
2563
2053
2056
2564
2054
2057
2565
2055
2058
2566
2059
2567
2057
2060
2568
2058
2061
2569
2059
2062
2570
2063
2571
2061
2064
2572
2062
2065
2573
2063
2066
2574
2067
2575
2065
2068
2576
2066
2069
2577
2067
2070
2578
2071
2579
2069
2072
2580
2070
2073
2581
2071
2074
2582
2075
2583
2073
2076
2584
2074
2077
2585
2075
2078
2586
2079
2587
2077
2080
2588
2078
2081
2589
2079
2082
2590
2083
2591
2081
2084
2592
2082
2085
2593
2083
2086
2594
2087
2595
2085
2088
2596
2086
2089
2597
2087
2090
2598
2091
2599
2089
2092
2600
2090
2093
2601
2091
2094
2602
2095
2603
2093
2096
2604
2094
2097
2605
2095
2098
2606
2099
2607
2097
2100
2608
2098
2101
2609
2099
2102
2610
2103
2611
2101
2104
2612
2102
2105
2613
2103
2106
2614
2107
2615
2105
2108
2616
2106
2109
2617
2107
2110
2618
2111
2619
2109
2112
2620
2110
2113
2621
2111
2114
2622
2115
2623
2113
2116
2624
2114
2117
2625
2115
2118
2626
2119
2627
2117
2120
2628
2118
2121
2629
2119
2122
2630
2123
2631
2121
2124
2632
2122
2125
2633
2123
2126
2634
2127
2635
2125
2128
2636
2126
2129
2637
2127
2130
2638
2131
2639
2129
2132
2640
2130
2133
2641
2131
2134
2642
2135
2643
2133
2136
2644
2134
2137
2645
2135
2138
2646
2139
2647
2137
2140
2648
2138
2141
2649
2139
2142
2650
2143
2651
2141
2144
2652
2142
2145
2653
2143
2146
2654
2147
2655
2145
2148
2656
2146
2149
2657
2147
2150
2658
2151
2659
2149
2152
2660
2150
2153
2661
2151
2154
2662
2155
2663
2153
2156
2664
2154
2157
2665
2155
2158
2666
2159
2667
2157
2160
2668
2158
2161
2669
2159
2162
2670
2163
2671
2161
2164
2672
2162
2165
2673
2163
2166
2674
2167
2675
2165
2168
2676
2166
2169
2677
2167
2170
2678
2171
2679
2169
2172
2680
2170
2173
2681
2171
2174
2682
2175
2683
2173
2176
2684
2174
2177
2685
2175
2178
2686
2179
2687
2177
2180
2688
2178
2181
2689
2179
2182
2690
2183
2691
2181
2184
2692
2182
2185
2693
2183
2186
2694
2187
2695
2185
2188
2696
2186
2189
2697
2187
2190
2698
2191
2699
2189
2192
2700
2190
2193
2701
2191
2194
2702
2195
2703
2193
2196
2704
2194
2197
2705
2195
2198
2706
2199
2707
2197
2200
2708
2198
2201
2709
2199
2202
2710
2203
2711
2201
2204
2712
2202
2205
2713
2203
2206
2714
2207
2715
2205
2208
2716
2206
2209
2717
2207
2210
2718
2211
2719
2209
2212
2720
2210
2213
2721
2211
2214
2722
2215
2723
2213
2216
2724
2214
2217
2725
2215
2218
2726
2219
2727
2217
2220
2728
2218
2221
2729
2219
2222
2730
2223
2731
2221
2224
2732
2222
2225
2733
2223
2226
2734
2227
2735
2225
2228
2736
2226
2229
2737
2227
2230
2738
2231
2739
2229
2232
2740
2230
2233
2741
2231
2234
2742
2235
2743
2233
2236
2744
2234
2237
2745
2235
2238
2746
2239
2747
2237
2240
2748
2238
2241
2749
2239
2242
2750
2243
2751
2241
2244
2752
2242
2245
2753
2243
2246
2754
2247
2755
2245
2248
2756
2246
2249
2757
2247
2250
2758
2251
2759
2249
2252
2760
2250
2253
2761
2251
2254
2762
2255
2763
2253
2256
2764
2254
2257
2765
2255
2258
2766
2259
2767
2257
2260
2768
2258
2261
2769
2259
2262
2770
2263
2771
2261
2264
2772
2262
2265
2773
2263
2266
2774
2267
2775
2265
2268
2776
2266
2269
2777
2267
2270
2778
2271
2779
2269
2272
2780
2270
2273
2781
2271
2274
2782
2275
2783
2273
2276
2784
2274
2277
2785
2275
2278
2786
2279
2787
2277
2280
2788
2278
2281
2789
2279
2282
2790
2283
2791
2281
2284
2792
2282
2285
2793
2283
2286
2794
2287
2795
2285
2288
2796
2286
2289
2797
2287
2290
2798
2291
2799
2289
2292
2800
2290
2293
2801
2291
2294
2802
2295
2803
2293
2296
2804
2294
2297
2805
2295
2298
2806
2299
2807
2297
2300
2808
2298
2301
2809
2299
2302
2810
2303
2811
2301
2304
2812
2302
2305
2813
2303
2306
2814
2307
2815
2305
2308
2816
2306
2309
2817
2307
2310
2818
2311
2819
2309
2312
2820
2310
2313
2821
2311
2314
2822
2315
2823
2313
2316
2824
2314
2317
2825
2315
2318
2826
2319
2827
2317
2320
2828
2318
2321
2829
2319
2322
2830
2323
2831
2321
2324
2832
2322
2325
2833
2323
2326
2834
2327
2835
2325
2328
2836
2326
2329
2837
2327
2330
2838
2331
2839
2329
2332
2840
2330
2333
2841
2331
2334
2842
2335
2843
2333
2336
2844
2334
2337
2845
2335
2338
2846
2339
2847
2337
2340
2848
2338
2341
2849
2339
2342
2850
2343
2851
2341
2344
2852
2342
2345
2853
2343
2346
2854
2347
2855
2345
2348
2856
2346
2349
2857
2347
2350
2858
2351
2859
2349
2352
2860
2350
2353
2861
2351
2354
2862
2355
2863
2353
2356
2864
2354
2357
2865
2355
2358
2866
2359
2867
2357
2360
2868
2358
2361
2869
2359
2362
2870
2363
2871
2361
2364
2872
2362
2365
2873
2363
2366
2874
2367
2875
2365
2368
2876
2366
2369
2877
2367
2370
2878
2371
2879
2369
2372
2880
2370
2373
2881
2371
2374
2882
2375
2883
2373
2376
2884
2374
2377
2885
2375
2378
2886
2379
2887
2377
2380
2888
2378
2381
2889
2379
2382
2890
2383
2891
2381
2384
2892
2382
2385
2893
2383
2386
2894
2387
2895
2385
2388
2896
2386
2389
2897
2387
2390
2898
2391
2899
2389
2392
2900
2390
2393
2901
2391
2394
2902
2395
2903
2393
2396
2904
2394
2397
2905
2395
2398
2906
2399
2907
2397
2400
2908
2398
2401
2909
2399
2402
2910
2403
2911
2401
2404
2912
2402
2405
2913
2403
2406
2914
2407
2915
2405
2408
2916
2406
2409
2917
2407
2410
2918
2411
2919
2409
2412
2920
2410
2413
2921
2411
2414
2922
2415
2923
2413
2416
2924
2414
2417
2925
2415
2418
2926
2419
2927
2417
2420
2928
2418
2421
2929
2419
2422
2930
2423
2931
2421
2424
2932
2422
2425
2933
2423
2426
2934
2427
2935
2425
2428
2936
2426
2429
2937
2427
2430
2938
2431
2939
2429
2432
2940
2430
2433
2941
2431
2434
2942
2435
2943
2433
2436
2944
2434
2437
2945
2435
2438
2946
2439
2947
2437
2440
2948
2438
2441
2949
2439
2442
2950
2443
2951
2441
2444
2952
2442
2445
2953
2443
2446
2954
2447
2955
2445
2448
2956
2446
2449
2957
2447
2450
2958
2451
2959
2449
2452
2960
2450
2453
2961
2451
2454
2962
2455
2963
2453
2456
2964
2454
2457
2965
2455
2458
2966
2459
2967
2457
2460
2968
2458
2461
2969
2459
2462
2970
2463
2971
2461
2464
2972
2462
2465
2973
2463
2466
2974
2467
2975
2465
2468
2976
2466
2469
2977
2467
2470
2978
2471
2979
2469
2472
2980
2470
2473
2981
2471
2474
2982
2475
2983
2473
2476
2984
2474
2477
2985
2475
2478
2986
2479
2987
2477
2480
2988
2478
2481
2989
2479
2482
2990
2483
2991
2481
2484
2992
2482
2485
2993
2483
2486
2994
2487
2995
2485
2488
2996
2486
2489
2997
2487
2490
2998
2491
2999
2489
2492
3000
2490
2493
3001
2491
2494
3002
2495
3003
2493
2496
3004
2494
2497
3005
2495
2498
3006
2499
3007
2497
2500
3008
2498
2501
3009
2499
2502
3010
2503
3011
2501
2504
3012
2502
2505
3013
2503
2506
3014
2507
3015
2505
2508
3016
2506
2509
3017
2507
2510
3018
2511
3019
2509
2512
3020
2510
2513
3021
2511
2514
3022
2515
3023
2513
2516
3024
2514
2517
3025
2515
2518
3026
2519
3027
2517
2520
3028
2518
2521
3029
2519
2522
3030
2523
3031
2521
2524
3032
2522
2525
3033
2523
2526
3034
2527
3035
2525
2528
3036
2526
2529
3037
2527
2530
3038
2531
3039
2529
2532
3040
2530
2533
3041
2531
2534
3042
2535
3043
2533
2536
3044
2534
2537
3045
2535
2538
3046
2539
3047
2537
2540
3048
2538
2541
3049
2539
2542
3050
2543
3051
2541
2544
3052
2542
2545
3053
2543
2546
3054
2547
3055
2545
2548
3056
2546
2549
3057
2547
2550
3058
2551
3059
2549
2552
3060
2550
2553
3061
2551
2554
3062
2555
3063
2553
2556
3064
2554
2557
3065
2555
2558
3066
2559
3067
2557
3068
2558
3069
2559
3070
3071
2561
2564
3072
2562
2565
3073
2563
2566
3074
2567
3075
2565
2568
3076
2566
2569
3077
2567
2570
3078
2571
3079
2569
2572
3080
2570
2573
3081
2571
2574
3082
2575
3083
2573
2576
3084
2574
2577
3085
2575
2578
3086
2579
3087
2577
2580
3088
2578
2581
3089
2579
2582
3090
2583
3091
2581
2584
3092
2582
2585
3093
2583
2586
3094
2587
3095
2585
2588
3096
2586
2589
3097
2587
2590
3098
2591
3099
2589
2592
3100
2590
2593
3101
2591
2594
3102
2595
3103
2593
2596
3104
2594
2597
3105
2595
2598
3106
2599
3107
2597
2600
3108
2598
2601
3109
2599
2602
3110
2603
3111
2601
2604
3112
2602
2605
3113
2603
2606
3114
2607
3115
2605
2608
3116
2606
2609
3117
2607
2610
3118
2611
3119
2609
2612
3120
2610
2613
3121
2611
2614
3122
2615
3123
2613
2616
3124
2614
2617
3125
2615
2618
3126
2619
3127
2617
2620
3128
2618
2621
3129
2619
2622
3130
2623
3131
2621
2624
3132
2622
2625
3133
2623
2626
3134
2627
3135
2625
2628
3136
2626
2629
3137
2627
2630
3138
2631
3139
2629
2632
3140
2630
2633
3141
2631
2634
3142
2635
3143
2633
2636
3144
2634
2637
3145
2635
2638
3146
2639
3147
2637
2640
3148
2638
2641
3149
2639
2642
3150
2643
3151
2641
2644
3152
2642
2645
3153
2643
2646
3154
2647
3155
2645
2648
3156
2646
2649
3157
2647
2650
3158
2651
3159
2649
2652
3160
2650
2653
3161
2651
2654
3162
2655
3163
2653
2656
3164
2654
2657
3165
2655
2658
3166
2659
3167
2657
2660
3168
2658
2661
3169
2659
2662
3170
2663
3171
2661
2664
3172
2662
2665
3173
2663
2666
3174
2667
3175
2665
2668
3176
2666
2669
3177
2667
2670
3178
2671
3179
2669
2672
3180
2670
2673
3181
2671
2674
3182
2675
3183
2673
2676
3184
2674
2677
3185
2675
2678
3186
2679
3187
2677
2680
3188
2678
2681
3189
2679
2682
3190
2683
3191
2681
2684
3192
2682
2685
3193
2683
2686
3194
2687
3195
2685
2688
3196
2686
2689
3197
2687
2690
3198
2691
3199
2689
2692
3200
2690
2693
3201
2691
2694
3202
2695
3203
2693
2696
3204
2694
2697
3205
2695
2698
3206
2699
3207
2697
2700
3208
2698
2701
3209
2699
2702
3210
2703
3211
2701
2704
3212
2702
2705
3213
2703
2706
3214
2707
3215
2705
2708
3216
2706
2709
3217
2707
2710
3218
2711
3219
2709
2712
3220
2710
2713
3221
2711
2714
3222
2715
3223
2713
2716
3224
2714
2717
3225
2715
2718
3226
2719
3227
2717
2720
3228
2718
2721
3229
2719
2722
3230
2723
3231
2721
2724
3232
2722
2725
3233
2723
2726
3234
2727
3235
2725
2728
3236
2726
2729
3237
2727
2730
3238
2731
3239
2729
2732
3240
2730
2733
3241
2731
2734
3242
2735
3243
2733
2736
3244
2734
2737
3245
2735
2738
3246
2739
3247
2737
2740
3248
2738
2741
3249
2739
2742
3250
2743
3251
2741
2744
3252
2742
2745
3253
2743
2746
3254
2747
3255
2745
2748
3256
2746
2749
3257
2747
2750
3258
2751
3259
2749
2752
3260
2750
2753
3261
2751
2754
3262
2755
3263
2753
2756
3264
2754
2757
3265
2755
2758
3266
2759
3267
2757
2760
3268
2758
2761
3269
2759
2762
3270
2763
3271
2761
2764
3272
2762
2765
3273
2763
2766
3274
2767
3275
2765
2768
3276
2766
2769
3277
2767
2770
3278
2771
3279
2769
2772
3280
2770
2773
3281
2771
2774
3282
2775
3283
2773
2776
3284
2774
2777
3285
2775
2778
3286
2779
3287
2777
2780
3288
2778
2781
3289
2779
2782
3290
2783
3291
2781
2784
3292
2782
2785
3293
2783
2786
3294
2787
3295
2785
2788
3296
2786
2789
3297
2787
2790
3298
2791
3299
2789
2792
3300
2790
2793
3301
2791
2794
3302
2795
3303
2793
2796
3304
2794
2797
3305
2795
2798
3306
2799
3307
2797
2800
3308
2798
2801
3309
2799
2802
3310
2803
3311
2801
2804
3312
2802
2805
3313
2803
2806
3314
2807
3315
2805
2808
3316
2806
2809
3317
2807
2810
3318
2811
3319
2809
2812
3320
2810
2813
3321
2811
2814
3322
2815
3323
2813
2816
3324
2814
2817
3325
2815
2818
3326
2819
3327
2817
2820
3328
2818
2821
3329
2819
2822
3330
2823
3331
2821
2824
3332
2822
2825
3333
2823
2826
3334
2827
3335
2825
2828
3336
2826
2829
3337
2827
2830
3338
2831
3339
2829
2832
3340
2830
2833
3341
2831
2834
3342
2835
3343
2833
2836
3344
2834
2837
3345
2835
2838
3346
2839
3347
2837
2840
3348
2838
2841
3349
2839
2842
3350
2843
3351
2841
2844
3352
2842
2845
3353
2843
2846
3354
2847
3355
2845
2848
3356
2846
2849
3357
2847
2850
3358
2851
3359
2849
2852
3360
2850
2853
3361
2851
2854
3362
2855
3363
2853
2856
3364
2854
2857
3365
2855
2858
3366
2859
3367
2857
2860
3368
2858
2861
3369
2859
2862
3370
2863
3371
2861
2864
3372
2862
2865
3373
2863
2866
3374
2867
3375
2865
2868
3376
2866
2869
3377
2867
2870
3378
2871
3379
2869
2872
3380
2870
2873
3381
2871
2874
3382
2875
3383
2873
2876
3384
2874
2877
3385
2875
2878
3386
2879
3387
2877
2880
3388
2878
2881
3389
2879
2882
3390
2883
3391
2881
2884
3392
2882
2885
3393
2883
2886
3394
2887
3395
2885
2888
3396
2886
2889
3397
2887
2890
3398
2891
3399
2889
2892
3400
2890
2893
3401
2891
2894
3402
2895
3403
2893
2896
3404
2894
2897
3405
2895
2898
3406
2899
3407
2897
2900
3408
2898
2901
3409
2899
2902
3410
2903
3411
2901
2904
3412
2902
2905
3413
2903
2906
3414
2907
3415
2905
2908
3416
2906
2909
3417
2907
2910
3418
2911
3419
2909
2912
3420
2910
2913
3421
2911
2914
3422
2915
3423
2913
2916
3424
2914
2917
3425
2915
2918
3426
2919
3427
2917
2920
3428
2918
2921
3429
2919
2922
3430
2923
3431
2921
2924
3432
2922
2925
3433
2923
2926
3434
2927
3435
2925
2928
3436
2926
2929
3437
2927
2930
3438
2931
3439
2929
2932
3440
2930
2933
3441
2931
2934
3442
2935
3443
2933
2936
3444
2934
2937
3445
2935
2938
3446
2939
3447
2937
2940
3448
2938
2941
3449
2939
2942
3450
2943
3451
2941
2944
3452
2942
2945
3453
2943
2946
3454
2947
3455
2945
2948
3456
2946
2949
3457
2947
2950
3458
2951
3459
2949
2952
3460
2950
2953
3461
2951
2954
3462
2955
3463
2953
2956
3464
2954
2957
3465
2955
2958
3466
2959
3467
2957
2960
3468
2958
2961
3469
2959
2962
3470
2963
3471
2961
2964
3472
2962
2965
3473
2963
2966
3474
2967
3475
2965
2968
3476
2966
2969
3477
2967
2970
3478
2971
3479
2969
2972
3480
2970
2973
3481
2971
2974
3482
2975
3483
2973
2976
3484
2974
2977
3485
2975
2978
3486
2979
3487
2977
2980
3488
2978
2981
3489
2979
2982
3490
2983
3491
2981
2984
3492
2982
2985
3493
2983
2986
3494
2987
3495
2985
2988
3496
2986
2989
3497
2987
2990
3498
2991
3499
2989
2992
3500
2990
2993
3501
2991
2994
3502
2995
3503
2993
2996
3504
2994
2997
3505
2995
2998
3506
2999
3507
2997
3000
3508
2998
3001
3509
2999
3002
3510
3003
3511
3001
3004
3512
3002
3005
3513
3003
3006
3514
3007
3515
3005
3008
3516
3006
3009
3517
3007
3010
3518
3011
3519
3009
3012
3520
3010
3013
3521
3011
3014
3522
3015
3523
3013
3016
3524
3014
3017
3525
3015
3018
3526
3019
3527
3017
3020
3528
3018
3021
3529
3019
3022
3530
3023
3531
3021
3024
3532
3022
3025
3533
3023
3026
3534
3027
3535
3025
3028
3536
3026
3029
3537
3027
3030
3538
3031
3539
3029
3032
3540
3030
3033
3541
3031
3034
3542
3035
3543
3033
3036
3544
3034
3037
3545
3035
3038
3546
3039
3547
3037
3040
3548
3038
3041
3549
3039
3042
3550
3043
3551
3041
3044
3552
3042
3045
3553
3043
3046
3554
3047
3555
3045
3048
3556
3046
3049
3557
3047
3050
3558
3051
3559
3049
3052
3560
3050
3053
3561
3051
3054
3562
3055
3563
3053
3056
3564
3054
3057
3565
3055
3058
3566
3059
3567
3057
3060
3568
3058
3061
3569
3059
3062
3570
3063
3571
3061
3064
3572
3062
3065
3573
3063
3066
3574
3067
3575
3065
3068
3576
3066
3069
3577
3067
3070
3578
3071
3579
3069
3580
3070
3581
3071
3582
3583
3073
3076
3584
3074
3077
3585
3075
3078
3586
3079
3587
3077
3080
3588
3078
3081
3589
3079
3082
3590
3083
3591
3081
3084
3592
3082
3085
3593
3083
3086
3594
3087
3595
3085
3088
3596
3086
3089
3597
3087
3090
3598
3091
3599
3089
3092
3600
3090
3093
3601
3091
3094
3602
3095
3603
3093
3096
3604
3094
3097
3605
3095
3098
3606
3099
3607
3097
3100
3608
3098
3101
3609
3099
3102
3610
3103
3611
3101
3104
3612
3102
3105
3613
3103
3106
3614
3107
3615
3105
3108
3616
3106
3109
3617
3107
3110
3618
3111
3619
3109
3112
3620
3110
3113
3621
3111
3114
3622
3115
3623
3113
3116
3624
3114
3117
3625
3115
3118
3626
3119
3627
3117
3120
3628
3118
3121
3629
3119
3122
3630
3123
3631
3121
3124
3632
3122
3125
3633
3123
3126
3634
3127
3635
3125
3128
3636
3126
3129
3637
3127
3130
3638
3131
3639
3129
3132
3640
3130
3133
3641
3131
3134
3642
3135
3643
3133
3136
3644
3134
3137
3645
3135
3138
3646
3139
3647
3137
3140
3648
3138
3141
3649
3139
3142
3650
3143
3651
3141
3144
3652
3142
3145
3653
3143
3146
3654
3147
3655
3145
3148
3656
3146
3149
3657
3147
3150
3658
3151
3659
3149
3152
3660
3150
3153
3661
3151
3154
3662
3155
3663
3153
3156
3664
3154
3157
3665
3155
3158
3666
3159
3667
3157
3160
3668
3158
3161
3669
3159
3162
3670
3163
3671
3161
3164
3672
3162
3165
3673
3163
3166
3674
3167
3675
3165
3168
3676
3166
3169
3677
3167
3170
3678
3171
3679
3169
3172
3680
3170
3173
3681
3171
3174
3682
3175
3683
3173
3176
3684
3174
3177
3685
3175
3178
3686
3179
3687
3177
3180
3688
3178
3181
3689
3179
3182
3690
3183
3691
3181
3184
3692
3182
3185
3693
3183
3186
3694
3187
3695
3185
3188
3696
3186
3189
3697
3187
3190
3698
3191
3699
3189
3192
3700
3190
3193
3701
3191
3194
3702
3195
3703
3193
3196
3704
3194
3197
3705
3195
3198
3706
3199
3707
3197
3200
3708
3198
3201
3709
3199
3202
3710
3203
3711
3201
3204
3712
3202
3205
3713
3203
3206
3714
3207
3715
3205
3208
3716
3206
3209
3717
3207
3210
3718
3211
3719
3209
3212
3720
3210
3213
3721
3211
3214
3722
3215
3723
3213
3216
3724
3214
3217
3725
3215
3218
3726
3219
3727
3217
3220
3728
3218
3221
3729
3219
3222
3730
3223
3731
3221
3224
3732
3222
3225
3733
3223
3226
3734
3227
3735
3225
3228
3736
3226
3229
3737
3227
3230
3738
3231
3739
3229
3232
3740
3230
3233
3741
3231
3234
3742
3235
3743
3233
3236
3744
3234
3237
3745
3235
3238
3746
3239
3747
3237
3240
3748
3238
3241
3749
3239
3242
3750
3243
3751
3241
3244
3752
3242
3245
3753
3243
3246
3754
3247
3755
3245
3248
3756
3246
3249
3757
3247
3250
3758
3251
3759
3249
3252
3760
3250
3253
3761
3251
3254
3762
3255
3763
3253
3256
3764
3254
3257
3765
3255
3258
3766
3259
3767
3257
3260
3768
3258
3261
3769
3259
3262
3770
3263
3771
3261
3264
3772
3262
3265
3773
3263
3266
3774
3267
3775
3265
3268
3776
3266
3269
3777
3267
3270
3778
3271
3779
3269
3272
3780
3270
3273
3781
3271
3274
3782
3275
3783
3273
3276
3784
3274
3277
3785
3275
3278
3786
3279
3787
3277
3280
3788
3278
3281
3789
3279
3282
3790
3283
3791
3281
3284
3792
3282
3285
3793
3283
3286
3794
3287
3795
3285
3288
3796
3286
3289
3797
3287
3290
3798
3291
3799
3289
3292
3800
3290
3293
3801
3291
3294
3802
3295
3803
3293
3296
3804
3294
3297
3805
3295
3298
3806
3299
3807
3297
3300
3808
3298
3301
3809
3299
3302
3810
3303
3811
3301
3304
3812
3302
3305
3813
3303
3306
3814
3307
3815
3305
3308
3816
3306
3309
3817
3307
3310
3818
3311
3819
3309
3312
3820
3310
3313
3821
3311
3314
3822
3315
3823
3313
3316
3824
3314
3317
3825
3315
3318
3826
3319
3827
3317
3320
3828
3318
3321
3829
3319
3322
3830
3323
3831
3321
3324
3832
3322
3325
3833
3323
3326
3834
3327
3835
3325
3328
3836
3326
3329
3837
3327
3330
3838
3331
3839
3329
3332
3840
3330
3333
3841
3331
3334
3842
3335
3843
3333
3336
3844
3334
3337
3845
3335
3338
3846
3339
3847
3337
3340
3848
3338
3341
3849
3339
3342
3850
3343
3851
3341
3344
3852
3342
3345
3853
3343
3346
3854
3347
3855
3345
3348
3856
3346
3349
3857
3347
3350
3858
3351
3859
3349
3352
3860
3350
3353
3861
3351
3354
3862
3355
3863
3353
3356
3864
3354
3357
3865
3355
3358
3866
3359
3867
3357
3360
3868
3358
3361
3869
3359
3362
3870
3363
3871
3361
3364
3872
3362
3365
3873
3363
3366
3874
3367
3875
3365
3368
3876
3366
3369
3877
3367
3370
3878
3371
3879
3369
3372
3880
3370
3373
3881
3371
3374
3882
3375
3883
3373
3376
3884
3374
3377
3885
3375
3378
3886
3379
3887
3377
3380
3888
3378
3381
3889
3379
3382
3890
3383
3891
3381
3384
3892
3382
3385
3893
3383
3386
3894
3387
3895
3385
3388
3896
3386
3389
3897
3387
3390
3898
3391
3899
3389
3392
3900
3390
3393
3901
3391
3394
3902
3395
3903
3393
3396
3904
3394
3397
3905
3395
3398
3906
3399
3907
3397
3400
3908
3398
3401
3909
3399
3402
3910
3403
3911
3401
3404
3912
3402
3405
3913
3403
3406
3914
3407
3915
3405
3408
3916
3406
3409
3917
3407
3410
3918
3411
3919
3409
3412
3920
3410
3413
3921
3411
3414
3922
3415
3923
3413
3416
3924
3414
3417
3925
3415
3418
3926
3419
3927
3417
3420
3928
3418
3421
3929
3419
3422
3930
3423
3931
3421
3424
3932
3422
3425
3933
3423
3426
3934
3427
3935
3425
3428
3936
3426
3429
3937
3427
3430
3938
3431
3939
3429
3432
3940
3430
3433
3941
3431
3434
3942
3435
3943
3433
3436
3944
3434
3437
3945
3435
3438
3946
3439
3947
3437
3440
3948
3438
3441
3949
3439
3442
3950
3443
3951
3441
3444
3952
3442
3445
3953
3443
3446
3954
3447
3955
3445
3448
3956
3446
3449
3957
3447
3450
3958
3451
3959
3449
3452
3960
3450
3453
3961
3451
3454
3962
3455
3963
3453
3456
3964
3454
3457
3965
3455
3458
3966
3459
3967
3457
3460
3968
3458
3461
3969
3459
3462
3970
3463
3971
3461
3464
3972
3462
3465
3973
3463
3466
3974
3467
3975
3465
3468
3976
3466
3469
3977
3467
3470
3978
3471
3979
3469
3472
3980
3470
3473
3981
3471
3474
3982
3475
3983
3473
3476
3984
3474
3477
3985
3475
3478
3986
3479
3987
3477
3480
3988
3478
3481
3989
3479
3482
3990
3483
3991
3481
3484
3992
3482
3485
3993
3483
3486
3994
3487
3995
3485
3488
3996
3486
3489
3997
3487
3490
3998
3491
3999
3489
3492
4000
3490
3493
4001
3491
3494
4002
3495
4003
3493
3496
4004
3494
3497
4005
3495
3498
4006
3499
4007
3497
3500
4008
3498
3501
4009
3499
3502
4010
3503
4011
3501
3504
4012
3502
3505
4013
3503
3506
4014
3507
4015
3505
3508
4016
3506
3509
4017
3507
3510
4018
3511
4019
3509
3512
4020
3510
3513
4021
3511
3514
4022
3515
4023
3513
3516
4024
3514
3517
4025
3515
3518
4026
3519
4027
3517
3520
4028
3518
3521
4029
3519
3522
4030
3523
4031
3521
3524
4032
3522
3525
4033
3523
3526
4034
3527
4035
3525
3528
4036
3526
3529
4037
3527
3530
4038
3531
4039
3529
3532
4040
3530
3533
4041
3531
3534
4042
3535
4043
3533
3536
4044
3534
3537
4045
3535
3538
4046
3539
4047
3537
3540
4048
3538
3541
4049
3539
3542
4050
3543
4051
3541
3544
4052
3542
3545
4053
3543
3546
4054
3547
4055
3545
3548
4056
3546
3549
4057
3547
3550
4058
3551
4059
3549
3552
4060
3550
3553
4061
3551
3554
4062
3555
4063
3553
3556
4064
3554
3557
4065
3555
3558
4066
3559
4067
3557
3560
4068
3558
3561
4069
3559
3562
4070
3563
4071
3561
3564
4072
3562
3565
4073
3563
3566
4074
3567
4075
3565
3568
4076
3566
3569
4077
3567
3570
4078
3571
4079
3569
3572
4080
3570
3573
4081
3571
3574
4082
3575
4083
3573
3576
4084
3574
3577
4085
3575
3578
4086
3579
4087
3577
3580
4088
3578
3581
4089
3579
3582
4090
3583
4091
3581
4092
3582
4093
3583
4094
4095
3585
3588
3586
3589
3587
3590
3591
3589
3592
3590
3593
3591
3594
3595
3593
3596
3594
3597
3595
3598
3599
3597
3600
3598
3601
3599
3602
3603
3601
3604
3602
3605
3603
3606
3607
3605
3608
3606
3609
3607
3610
3611
3609
3612
3610
3613
3611
3614
3615
3613
3616
3614
3617
3615
3618
3619
3617
3620
3618
3621
3619
3622
3623
3621
3624
3622
3625
3623
3626
3627
3625
3628
3626
3629
3627
3630
3631
3629
3632
3630
3633
3631
3634
3635
3633
3636
3634
3637
3635
3638
3639
3637
3640
3638
3641
3639
3642
3643
3641
3644
3642
3645
3643
3646
3647
3645
3648
3646
3649
3647
3650
3651
3649
3652
3650
3653
3651
3654
3655
3653
3656
3654
3657
3655
3658
3659
3657
3660
3658
3661
3659
3662
3663
3661
3664
3662
3665
3663
3666
3667
3665
3668
3666
3669
3667
3670
3671
3669
3672
3670
3673
3671
3674
3675
3673
3676
3674
3677
3675
3678
3679
3677
3680
3678
3681
3679
3682
3683
3681
3684
3682
3685
3683
3686
3687
3685
3688
3686
3689
3687
3690
3691
3689
3692
3690
3693
3691
3694
3695
3693
3696
3694
3697
3695
3698
3699
3697
3700
3698
3701
3699
3702
3703
3701
3704
3702
3705
3703
3706
3707
3705
3708
3706
3709
3707
3710
3711
3709
3712
3710
3713
3711
3714
3715
3713
3716
3714
3717
3715
3718
3719
3717
3720
3718
3721
3719
3722
3723
3721
3724
3722
3725
3723
3726
3727
3725
3728
3726
3729
3727
3730
3731
3729
3732
3730
3733
3731
3734
3735
3733
3736
3734
3737
3735
3738
3739
3737
3740
3738
3741
3739
3742
3743
3741
3744
3742
3745
3743
3746
3747
3745
3748
3746
3749
3747
3750
3751
3749
3752
3750
3753
3751
3754
3755
3753
3756
3754
3757
3755
3758
3759
3757
3760
3758
3761
3759
3762
3763
3761
3764
3762
3765
3763
3766
3767
3765
3768
3766
3769
3767
3770
3771
3769
3772
3770
3773
3771
3774
3775
3773
3776
3774
3777
3775
3778
3779
3777
3780
3778
3781
3779
3782
3783
3781
3784
3782
3785
3783
3786
3787
3785
3788
3786
3789
3787
3790
3791
3789
3792
3790
3793
3791
3794
3795
3793
3796
3794
3797
3795
3798
3799
3797
3800
3798
3801
3799
3802
3803
3801
3804
3802
3805
3803
3806
3807
3805
3808
3806
3809
3807
3810
3811
3809
3812
3810
3813
3811
3814
3815
3813
3816
3814
3817
3815
3818
3819
3817
3820
3818
3821
3819
3822
3823
3821
3824
3822
3825
3823
3826
3827
3825
3828
3826
3829
3827
3830
3831
3829
3832
3830
3833
3831
3834
3835
3833
3836
3834
3837
3835
3838
3839
3837
3840
3838
3841
3839
3842
3843
3841
3844
3842
3845
3843
3846
3847
3845
3848
3846
3849
3847
3850
3851
3849
3852
3850
3853
3851
3854
3855
3853
3856
3854
3857
3855
3858
3859
3857
3860
3858
3861
3859
3862
3863
3861
3864
3862
3865
3863
3866
3867
3865
3868
3866
3869
3867
3870
3871
3869
3872
3870
3873
3871
3874
3875
3873
3876
3874
3877
3875
3878
3879
3877
3880
3878
3881
3879
3882
3883
3881
3884
3882
3885
3883
3886
3887
3885
3888
3886
3889
3887
3890
3891
3889
3892
3890
3893
3891
3894
3895
3893
3896
3894
3897
3895
3898
3899
3897
3900
3898
3901
3899
3902
3903
3901
3904
3902
3905
3903
3906
3907
3905
3908
3906
3909
3907
3910
3911
3909
3912
3910
3913
3911
3914
3915
3913
3916
3914
3917
3915
3918
3919
3917
3920
3918
3921
3919
3922
3923
3921
3924
3922
3925
3923
3926
3927
3925
3928
3926
3929
3927
3930
3931
3929
3932
3930
3933
3931
3934
3935
3933
3936
3934
3937
3935
3938
3939
3937
3940
3938
3941
3939
3942
3943
3941
3944
3942
3945
3943
3946
3947
3945
3948
3946
3949
3947
3950
3951
3949
3952
3950
3953
3951
3954
3955
3953
3956
3954
3957
3955
3958
3959
3957
3960
3958
3961
3959
3962
3963
3961
3964
3962
3965
3963
3966
3967
3965
3968
3966
3969
3967
3970
3971
3969
3972
3970
3973
3971
3974
3975
3973
3976
3974
3977
3975
3978
3979
3977
3980
3978
3981
3979
3982
3983
3981
3984
3982
3985
3983
3986
3987
3985
3988
3986
3989
3987
3990
3991
3989
3992
3990
3993
3991
3994
3995
3993
3996
3994
3997
3995
3998
3999
3997
4000
3998
4001
3999
4002
4003
4001
4004
4002
4005
4003
4006
4007
4005
4008
4006
4009
4007
4010
4011
4009
4012
4010
4013
4011
4014
4015
4013
4016
4014
4017
4015
4018
4019
4017
4020
4018
4021
4019
4022
4023
4021
4024
4022
4025
4023
4026
4027
4025
4028
4026
4029
4027
4030
4031
4029
4032
4030
4033
4031
4034
4035
4033
4036
4034
4037
4035
4038
4039
4037
4040
4038
4041
4039
4042
4043
4041
4044
4042
4045
4043
4046
4047
4045
4048
4046
4049
4047
4050
4051
4049
4052
4050
4053
4051
4054
4055
4053
4056
4054
4057
4055
4058
4059
4057
4060
4058
4061
4059
4062
4063
4061
4064
4062
4065
4063
4066
4067
4065
4068
4066
4069
4067
4070
4071
4069
4072
4070
4073
4071
4074
4075
4073
4076
4074
4077
4075
4078
4079
4077
4080
4078
4081
4079
4082
4083
4081
4084
4082
4085
4083
4086
4087
4085
4088
4086
4089
4087
4090
4091
4089
4092
4090
4093
4091
4094
4095
4093
4094
4095
)


// ************************************************************************* //
